   9.9999999088980007e-01   4.8501493012566843e-01  -4.6381953945059728e-01   0.0000000000000000e+00   0.0000000000000000e+00   7.2952357596897610e-02  -9.7546716951893486e-02   0.0000000000000000e+00   0.0000000000000000e+00   7.3985458972853834e-03
   4.8501493012566849e-01   9.9999999848021726e-01   0.0000000000000000e+00   0.0000000000000000e+00   0.0000000000000000e+00   4.6628715288689387e-01  -4.5218636685508096e-01   0.0000000000000000e+00   0.0000000000000000e+00   7.2952357596897666e-02
  -4.6381953945059728e-01   0.0000000000000000e+00   9.9999997299695065e-01   0.0000000000000000e+00   0.0000000000000000e+00   4.5218636685508107e-01  -3.1207257067217187e-01   0.0000000000000000e+00   0.0000000000000000e+00   9.7546716951893528e-02
   0.0000000000000000e+00   0.0000000000000000e+00   0.0000000000000000e+00   9.9999997299695065e-01   0.0000000000000000e+00   0.0000000000000000e+00   0.0000000000000000e+00   2.9737076217204178e-01   0.0000000000000000e+00   0.0000000000000000e+00
   0.0000000000000000e+00   0.0000000000000000e+00   0.0000000000000000e+00   0.0000000000000000e+00   9.9999997299695065e-01   0.0000000000000000e+00   0.0000000000000000e+00   0.0000000000000000e+00   2.9737076217204178e-01   0.0000000000000000e+00
   7.2952357596897610e-02   4.6628715288689387e-01   4.5218636685508107e-01   0.0000000000000000e+00   0.0000000000000000e+00   9.9999999848021726e-01  -6.7316956759092631e-16   0.0000000000000000e+00   0.0000000000000000e+00   4.8501493012566865e-01
  -9.7546716951893486e-02  -4.5218636685508107e-01  -3.1207257067217187e-01   0.0000000000000000e+00   0.0000000000000000e+00  -6.7316956759092631e-16   9.9999997299695065e-01   0.0000000000000000e+00   0.0000000000000000e+00   4.6381953945059706e-01
   0.0000000000000000e+00   0.0000000000000000e+00   0.0000000000000000e+00   2.9737076217204178e-01   0.0000000000000000e+00   0.0000000000000000e+00   0.0000000000000000e+00   9.9999997299695065e-01   0.0000000000000000e+00   0.0000000000000000e+00
   0.0000000000000000e+00   0.0000000000000000e+00   0.0000000000000000e+00   0.0000000000000000e+00   2.9737076217204178e-01   0.0000000000000000e+00   0.0000000000000000e+00   0.0000000000000000e+00   9.9999997299695065e-01   0.0000000000000000e+00
   7.3985458972853834e-03   7.2952357596897666e-02   9.7546716951893528e-02   0.0000000000000000e+00   0.0000000000000000e+00   4.8501493012566865e-01   4.6381953945059717e-01   0.0000000000000000e+00   0.0000000000000000e+00   9.9999999088980007e-01
