   1.2686495458872971e+00  -2.9294708174386996e-01   3.9219517331143317e-01  -1.4647800015598791e-19   5.0949413642335895e-18  -8.6118740856073364e-02   7.2305833603857506e-02   6.9762927872760630e-17   8.4466109720513070e-18  -1.2047911193937666e-02
  -2.9294708174386996e-01   1.4801660357149833e+00   2.0371154981116735e-01   4.2401722450890174e-17  -6.7872247208004513e-17  -4.6196910159772953e-01   4.8689562992849755e-01   8.4411683274799674e-19   2.4677565764445397e-16  -8.6118740856073239e-02
   3.9219517331143317e-01   2.0371154981116746e-01   1.4501122676763074e+00   7.2626172016863847e-18  -1.2792495873343854e-16  -4.8689562992849855e-01   4.2301448288087329e-01   1.3426076079948614e-16   1.4641656895428941e-16  -7.2305833603857173e-02
  -1.4647800015599715e-19   4.2401722450890149e-17   7.2626172016863601e-18   1.0354682805558011e+00   2.2204460492503131e-16   3.9724201411929740e-17  -4.6580447805326126e-17  -1.5752198368284354e-01  -1.3877787807814457e-17   1.2938199572612964e-17
   5.0949413642336142e-18  -6.7872247208004537e-17  -1.2792495873343869e-16   1.6653345369377348e-16   1.0354682805558006e+00   1.4286568384082938e-16  -8.2730934244979891e-18  -9.7144514654701197e-17  -1.5752198368284362e-01  -1.0505489486487390e-17
  -8.6118740856073392e-02  -4.6196910159772953e-01  -4.8689562992849855e-01   3.9724201411929764e-17   1.4286568384082940e-16   1.4801660357149835e+00  -2.0371154981116671e-01  -6.6199766947941322e-17  -1.5690298019890743e-16  -2.9294708174386930e-01
   7.2305833603857450e-02   4.8689562992849755e-01   4.2301448288087340e-01  -4.6580447805326077e-17  -8.2730934244979475e-18  -2.0371154981116674e-01   1.4501122676763067e+00   1.8562360757790621e-16   2.2573284239737373e-16  -3.9219517331143189e-01
   6.9762927872760630e-17   8.4411683274787348e-19   1.3426076079948624e-16  -1.5752198368284354e-01  -1.1796119636642288e-16  -6.6199766947941507e-17   1.8562360757790609e-16   1.0354682805558009e+00  -2.2204460492503131e-16  -1.0065957505048288e-17
   8.4466109720514380e-18   2.4677565764445407e-16   1.4641656895428951e-16  -1.6645668361755749e-17  -1.5752198368284362e-01  -1.5690298019890753e-16   2.2573284239737378e-16  -1.5309048377115207e-16   1.0354682805558006e+00  -7.3186739412667512e-17
  -1.2047911193937647e-02  -8.6118740856073142e-02  -7.2305833603857186e-02   1.2938199572612980e-17  -1.0505489486487427e-17  -2.9294708174386930e-01  -3.9219517331143189e-01  -1.0065957505048238e-17  -7.3186739412667512e-17   1.2686495458872959e+00
